-0.0297544 0.0342247 
0.0111963 -0.0217615 
0.0111963 -0.0217615 
-0.0297544 0.0342247 
-0.0162917 -0.0160482 
-0.0191823 0.0302854 
-0.0215693 0.0316214 
-0.0297544 0.0342247 
0.0110502 -0.0210041 
0.00300095 -0.0208762 
-0.00627449 -0.0195953 
0.000982155 -0.0200895 
-0.0146577 -0.0169496 
-0.00990297 -0.0176891 
-0.0191823 0.0302854 
0.00300095 -0.0208762 
-0.00769378 -0.018132 
-0.00990297 -0.0176891 
0.000982155 -0.0200895 
-0.0297544 0.0342247 
-0.0161663 -0.0165361 
-0.0146577 -0.0169496 
-0.0205444 0.03055 
-0.0191823 0.0302854 
-0.00769378 -0.018132 
-0.0215693 0.0316214 
-0.0205444 0.03055 
-0.0205444 0.03055 
-0.0215693 0.0316214 
-0.00702876 -0.0189519 
-0.00627449 -0.0195953 
-0.00702876 -0.0189519 
-0.00702876 -0.0189519 
0.000982155 -0.0200895 
0.0110502 -0.0210041 
-0.00702876 -0.0189519 
-0.00627449 -0.0195953 
-0.0161663 -0.0165361 
0.000982155 -0.0200895 
-0.0162917 -0.0160482 
-0.00990297 -0.0176891 
-0.0146577 -0.0169496 
-0.0205444 0.03055 
-0.0191823 0.0302854 
0.0110502 -0.0210041 
-0.0162917 -0.0160482 
0.00300095 -0.0208762 
-0.0146577 -0.0169496 
-0.0191823 0.0302854 
-0.0297544 0.0342247 
-0.0297544 0.0342247 
-0.0297544 0.0342247 
-0.0297544 0.0342247 
-0.0297544 0.0342247 
-0.0297544 0.0342247 
0.000982155 -0.0200895 
-0.0205444 0.03055 
-0.0297544 0.0342247 
-0.0297544 0.0342247 
-0.00702876 -0.0189519 
-0.0297544 0.0342247 
-0.00627449 -0.0195953 
-0.0205444 0.03055 
-0.0297544 0.0342247 
-0.0297544 0.0342247 
-0.0297544 0.0342247 
-0.0297544 0.0342247 
0.0110502 -0.0210041 
-0.0297544 0.0342247 
-0.0297544 0.0342247 
-0.0297544 0.0342247 
0.0111963 -0.0217615 
-0.0205444 0.03055 
-0.0297544 0.0342247 
-0.0205444 0.03055 
-0.0215693 0.0316214 
-0.0297544 0.0342247 
-0.00627449 -0.0195953 
-0.00702876 -0.0189519 
0.000982155 -0.0200895 
-0.0191823 0.0302854 
0.0111963 -0.0217615 
-0.00627449 -0.0195953 
0.000982155 -0.0200895 
-0.0297544 0.0342247 
-0.0297544 0.0342247 
-0.0297544 0.0342247 
-0.00702876 -0.0189519 
-0.0297544 0.0342247 
0.00300095 -0.0208762 
0.00300095 -0.0208762 
-0.0297544 0.0342247 
-0.0297544 0.0342247 
0.0111963 -0.0217615 
-0.00627449 -0.0195953 
-0.0162917 -0.0160482 
-0.00627449 -0.0195953 
-0.00627449 -0.0195953 
-0.0205444 0.03055 
0.0111963 -0.0217615 
