92.701  20.8591  96.4275   | -0.0297544 0.0342247 
62.3425  53.2249  53.3187   | 0.0111963 -0.0217615 
62.3425  53.2249  53.1503   | 0.0111963 -0.0217615 
92.7  20.8591  96.5609   | -0.0297544 0.0342247 
135.404  70.3795  70.0708   | -0.0162917 -0.0160482 
30.2968  93.0809  96.8542   | -0.0191823 0.0302854 
31.6147  93.8364  96.8578   | -0.0215693 0.0316214 
92.701  20.8591  96.4275   | -0.0297544 0.0342247 
57.0794  55.4918  55.9111   | 0.0110502 -0.0210041 
59.3998  54.3276  54.9778   | 0.00300095 -0.0208762 
63.5004  21.6562  21.8222   | -0.00627449 -0.0195953 
59.4366  53.1884  53.8819   | 0.000982155 -0.0200895 
137.879  70.6434  70.0708   | -0.0146577 -0.0169496 
72.0489  20.3912  20.0307   | -0.00990297 -0.0176891 
30.096  93.0097  96.441   | -0.0191823 0.0302854 
59.3564  54.3338  54.9783   | 0.00300095 -0.0208762 
71.9177  20.1064  20.7677   | -0.00769378 -0.018132 
72.2131  20.3912  20.5758   | -0.00990297 -0.0176891 
59.3636  53.1884  53.8819   | 0.000982155 -0.0200895 
92.6922  20.4963  96.4275   | -0.0297544 0.0342247 
138.569  70.3761  70.0708   | -0.0161663 -0.0165361 
137.369  70.6434  70.0708   | -0.0146577 -0.0169496 
29.2396  93.0097  96.8688   | -0.0205444 0.03055 
30.1451  93.0083  96.8615   | -0.0191823 0.0302854 
71.9177  20.3912  20.7677   | -0.00769378 -0.018132 
31.7341  93.0097  96.8542   | -0.0215693 0.0316214 
29.136  93.8364  96.8578   | -0.0205444 0.03055 
29.1468  93.0097  96.4813   | -0.0205444 0.03055 
31.4476  93.0097  96.441   | -0.0215693 0.0316214 
64.6363  21.6562  21.8222   | -0.00702876 -0.0189519 
63.123  21.6562  21.849   | -0.00627449 -0.0195953 
64.0761  21.6674  21.5843   | -0.00702876 -0.0189519 
64.1294  21.6674  21.9615   | -0.00702876 -0.0189519 
59.9231  53.2046  53.8819   | 0.000982155 -0.0200895 
57.0506  55.2149  55.8141   | 0.0110502 -0.0210041 
64.1294  21.6674  21.9615   | -0.00702876 -0.0189519 
63.5004  21.6674  21.965   | -0.00627449 -0.0195953 
138.569  70.3761  70.0708   | -0.0161663 -0.0165361 
59.3564  53.2342  53.0234   | 0.000982155 -0.0200895 
135.404  70.2206  70.0708   | -0.0162917 -0.0160482 
72.2131  20.3912  20.7677   | -0.00990297 -0.0176891 
137.333  70.8849  70.0708   | -0.0146577 -0.0169496 
29.3777  93.0097  96.4892   | -0.0205444 0.03055 
30.1451  93.0097  96.8573   | -0.0191823 0.0302854 
57.0794  55.2149  55.9111   | 0.0110502 -0.0210041 
135.404  70.3795  70.0708   | -0.0162917 -0.0160482 
59.4011  54.3276  54.9666   | 0.00300095 -0.0208762 
137.879  70.6434  70.0708   | -0.0146577 -0.0169496 
30.1451  93.0097  96.441   | -0.0191823 0.0302854 
92.7  20.8591  96.5611   | -0.0297544 0.0342247 
92.701  20.8591  96.844   | -0.0297544 0.0342247 
92.701  20.8591  96.4275   | -0.0297544 0.0342247 
92.7012  20.5017  96.4275   | -0.0297544 0.0342247 
92.701  20.8591  96.4275   | -0.0297544 0.0342247 
92.701  20.8591  96.4275   | -0.0297544 0.0342247 
59.3635  53.1884  53.8819   | 0.000982155 -0.0200895 
29.136  93.8364  96.8577   | -0.0205444 0.03055 
92.701  20.7262  96.4894   | -0.0297544 0.0342247 
92.701  20.7262  96.4817   | -0.0297544 0.0342247 
64.1294  21.6674  21.9615   | -0.00702876 -0.0189519 
92.0376  20.8796  96.8097   | -0.0297544 0.0342247 
63.5142  21.6562  21.8222   | -0.00627449 -0.0195953 
29.1242  93.0097  96.8688   | -0.0205444 0.03055 
92.701  20.7262  96.4894   | -0.0297544 0.0342247 
92.7577  20.8422  96.4275   | -0.0297544 0.0342247 
92.7577  20.8591  96.5609   | -0.0297544 0.0342247 
92.701  20.8591  96.4275   | -0.0297544 0.0342247 
57.026  55.2149  55.8141   | 0.0110502 -0.0210041 
92.701  20.8591  96.4275   | -0.0297544 0.0342247 
92.701  20.8591  96.4275   | -0.0297544 0.0342247 
92.701  20.8591  96.4275   | -0.0297544 0.0342247 
62.4156  53.2249  53.1665   | 0.0111963 -0.0217615 
29.1457  93.0097  96.4813   | -0.0205444 0.03055 
92.7577  20.8591  96.4296   | -0.0297544 0.0342247 
29.8312  93.0912  96.4892   | -0.0205444 0.03055 
31.6744  93.0097  96.8673   | -0.0215693 0.0316214 
92.6922  20.53  96.4275   | -0.0297544 0.0342247 
63.5142  21.6562  21.8222   | -0.00627449 -0.0195953 
64.1294  21.6674  21.9615   | -0.00702876 -0.0189519 
59.3636  53.1884  53.8819   | 0.000982155 -0.0200895 
30.2968  93.0097  96.8542   | -0.0191823 0.0302854 
62.3425  53.2249  53.1503   | 0.0111963 -0.0217615 
63.5007  21.6562  21.8222   | -0.00627449 -0.0195953 
59.3636  53.1884  53.7024   | 0.000982155 -0.0200895 
92.6922  20.8765  96.6279   | -0.0297544 0.0342247 
92.7006  20.8591  96.4275   | -0.0297544 0.0342247 
92.757  20.8591  96.5609   | -0.0297544 0.0342247 
64.6363  21.7051  21.8222   | -0.00702876 -0.0189519 
92.701  20.7262  96.4894   | -0.0297544 0.0342247 
59.3636  54.3276  54.9783   | 0.00300095 -0.0208762 
59.3636  54.3276  54.9783   | 0.00300095 -0.0208762 
92.757  20.8591  96.7756   | -0.0297544 0.0342247 
92.7577  20.8591  96.4275   | -0.0297544 0.0342247 
62.3425  53.2249  53.1665   | 0.0111963 -0.0217615 
63.5002  21.6562  21.8222   | -0.00627449 -0.0195953 
135.404  70.3795  70.0708   | -0.0162917 -0.0160482 
63.5142  21.6478  21.8466   | -0.00627449 -0.0195953 
63.8589  21.6562  21.8222   | -0.00627449 -0.0195953 
29.3777  93.0097  96.4892   | -0.0205444 0.03055 
62.4156  53.2249  53.1665   | 0.0111963 -0.0217615 
