-14.4431 -11.6268 
-19.9909 0.0177088 
-14.4431 -11.6268 
-19.9909 0.0177088 
-17.9407 -3.87079 
-17.0202 -3.89559 
-19.0642 -0.0146408 
-15.856 -7.73967 
-15.263 -9.05855 
-18.3734 -2.29945 
-15.4598 -8.31061 
-18.8352 -0.46693 
-15.2079 -9.27277 
-18.1685 -3.25231 
-15.5193 -8.10005 
-14.6868 -11.2608 
-14.8457 -10.7685 
-16.6408 -5.13603 
-15.6371 -7.76833 
-14.9271 -10.4724 
-18.9792 -0.159661 
-16.4644 -5.98629 
-15.3866 -8.57608 
-16.354 -6.49772 
-18.0227 -3.77465 
-14.9648 -10.2895 
-15.3115 -8.85164 
-15.1401 -9.54829 
-18.2401 -2.93385 
-16.7612 -4.59794 
-16.7187 -4.73328 
-15.337 -8.75861 
-14.5674 -11.4941 
-18.4977 -1.65009 
-14.8044 -10.9425 
-15.4172 -8.45229 
-16.5332 -5.66156 
-14.7343 -11.0568 
-18.8877 -0.253781 
-18.3417 -2.45202 
-15.6364 -7.76987 
-18.4767 -1.79918 
-15.5493 -7.98219 
-14.9907 -10.149 
-14.5145 -11.5783 
-16.5798 -5.34615 
-18.5794 -1.30853 
-16.0161 -7.61765 
-18.7895 -0.596431 
-18.765 -0.685201 
-18.1142 -3.47921 
-16.6625 -5.0268 
-16.0602 -7.50754 
-18.416 -2.03865 
-18.6706 -1.00393 
-18.6246 -1.17278 
-15.0337 -10.0405 
-16.4207 -6.18154 
-19.0262 -0.0630884 
-18.7163 -0.807419 
-16.1614 -7.24729 
-16.1122 -7.32758 
-16.3206 -6.63897 
-16.1978 -7.06575 
-15.0874 -9.74062 
-16.4911 -5.85468 
-18.3166 -2.58244 
-18.2683 -2.77691 
-16.8369 -4.29716 
-18.211 -3.09654 
-16.0953 -7.42916 
-15.9225 -7.69702 
-18.5438 -1.38581 
-16.509 -5.78327 
-16.5572 -5.47846 
-15.1822 -9.4137 
-15.968 -7.68846 
-14.6318 -11.3973 
-15.0621 -9.92051 
-16.2216 -6.93244 
-18.6445 -1.1003 
-18.1088 -3.49019 
-14.7732 -11.0363 
-16.1765 -7.14177 
-16.2886 -6.67264 
-14.6452 -11.3816 
-16.2482 -6.90509 
-14.8898 -10.6157 
-18.1902 -3.12053 
-18.4454 -1.9371 
-18.0693 -3.64801 
-16.8745 -4.23937 
-16.7938 -4.45177 
-15.0872 -9.74109 
-18.5342 -1.49848 
-16.9968 -3.95673 
-18.0629 -3.66753 
-15.145 -9.41798 
-16.7938 -4.45177 
-14.8898 -10.6157 
