-1.15191  -1.14946  -1.1527   | -14.4431 -11.6268 
-0.00126949  -0.000918144  0.00283848   | -19.9909 0.0177088 
-1.15191  -1.14946  -1.1527   | -14.4431 -11.6268 
-0.00126949  -0.000918144  0.00283848   | -19.9909 0.0177088 
1.85735e-05  -0.00124133  -1.15133   | -17.9407 -3.87079 
-1.08257  -0.000896962  -0.545176   | -17.0202 -3.89559 
-0.489941  -0.000989233  0.000703338   | -19.0642 -0.0146408 
-1.15844  -0.00168846  -1.16342   | -15.856 -7.73967 
-1.10987  -0.789447  -1.08403   | -15.263 -9.05855 
0.00017834  0.000637593  -0.886859   | -18.3734 -2.29945 
-1.09717  -0.673764  -1.09695   | -15.4598 -8.31061 
-0.6158  0.000428688  0.00298531   | -18.8352 -0.46693 
-1.02252  -0.865811  -1.09951   | -15.2079 -9.27277 
-1.0078  0.000377956  0.00298531   | -18.1685 -3.25231 
-1.11068  -0.627802  -1.09319   | -15.5193 -8.10005 
-1.11239  -1.08264  -1.08897   | -14.6868 -11.2608 
-1.09355  -0.994251  -1.12621   | -14.8457 -10.7685 
-0.974292  0.000481102  -0.865077   | -16.6408 -5.13603 
-1.09647  -0.555257  -1.09958   | -15.6371 -7.76833 
-1.11699  -0.961974  -1.08685   | -14.9271 -10.4724 
-0.537359  -0.000919063  -0.000156339   | -18.9792 -0.159661 
-1.00525  -0.000196301  -0.940249   | -16.4644 -5.98629 
-1.0491  -0.789447  -1.04464   | -15.3866 -8.57608 
-1.01838  -0.00135168  -0.99426   | -16.354 -6.49772 
-0.000665953  0.000440595  -1.10054   | -18.0227 -3.77465 
-1.12219  -0.930465  -1.1024   | -14.9648 -10.2895 
-1.10987  -0.789447  -1.04465   | -15.3115 -8.85164 
-1.02154  -0.932828  -1.04464   | -15.1401 -9.54829 
0.00201947  0.000512334  -0.965341   | -18.2401 -2.93385 
-1.06284  -0.00124715  -0.710012   | -16.7612 -4.59794 
-1.02154  0.0187107  -0.773163   | -16.7187 -4.73328 
-1.10203  -0.742371  -1.09861   | -15.337 -8.75861 
-1.14045  -1.09225  -1.15596   | -14.5674 -11.4941 
0.00567102  0.000440595  -0.807262   | -18.4977 -1.65009 
-1.10245  -1.02517  -1.09861   | -14.8044 -10.9425 
-1.10987  -0.697545  -1.08708   | -15.4172 -8.45229 
-0.982713  0.000428726  -0.92112   | -16.5332 -5.66156 
-1.15314  -1.0175  -1.12608   | -14.7343 -11.0568 
-0.00163907  -0.0146909  -0.572804   | -18.8877 -0.253781 
-0.90548  -0.000919063  -0.000156339   | -18.3417 -2.45202 
-1.1017  -0.550508  -1.09958   | -15.6364 -7.76987 
5.30626e-05  -0.00122008  -0.824902   | -18.4767 -1.79918 
-1.09242  -0.666098  -1.04322   | -15.5493 -7.98219 
-1.02012  -0.994251  -1.06725   | -14.9907 -10.149 
-1.14045  -1.1185  -1.15586   | -14.5145 -11.5783 
-1.02424  -0.0244084  -0.852097   | -16.5798 -5.34615 
0.00489114  0.000440595  -0.76037   | -18.5794 -1.30853 
-1.11707  0.00101959  -1.10429   | -16.0161 -7.61765 
0.00201947  -0.00126266  -0.642403   | -18.7895 -0.596431 
-0.658004  -0.000921196  -0.000156339   | -18.765 -0.685201 
0.00201947  0.00125737  -1.04191   | -18.1142 -3.47921 
-0.985338  0.0015283  -0.841392   | -16.6625 -5.0268 
-1.11707  0.00101959  -1.07691   | -16.0602 -7.50754 
0.00487966  0.000440595  -0.856423   | -18.416 -2.03865 
-0.712568  0.000548032  -0.000156339   | -18.6706 -1.00393 
-0.738807  -0.000860769  -0.000156339   | -18.6246 -1.17278 
-1.10987  -0.911125  -1.08708   | -15.0337 -10.0405 
-1.02  -0.00142506  -0.952144   | -16.4207 -6.18154 
-0.508952  0.000440595  0.00298531   | -19.0262 -0.0630884 
-0.681969  0.00428463  0.000703338   | -18.7163 -0.807419 
-1.0575  -0.000208993  -1.07357   | -16.1614 -7.24729 
-1.09326  -0.0303344  -1.06751   | -16.1122 -7.32758 
-1.02099  0.00327025  -1.01205   | -16.3206 -6.63897 
-1.01724  0.00327025  -1.0916   | -16.1978 -7.06575 
-1.09354  -0.865554  -1.13092   | -15.0874 -9.74062 
-0.99244  0.00341832  -0.936789   | -16.4911 -5.85468 
0.00017834  0.000428726  -0.92112   | -18.3166 -2.58244 
-0.946364  -0.000918144  -0.00351685   | -18.2683 -2.77691 
-1.01049  0.0034793  -0.715418   | -16.8369 -4.29716 
-0.985285  -1.26219e-06  -0.000206528   | -18.211 -3.09654 
-1.08403  0.00598184  -1.08796   | -16.0953 -7.42916 
-1.11707  0.00098945  -1.16303   | -15.9225 -7.69702 
0.0117683  -0.000200123  -0.773163   | -18.5438 -1.38581 
-0.942839  0.000442006  -0.975468   | -16.509 -5.78327 
-1.04514  0.000637593  -0.845947   | -16.5572 -5.47846 
-1.09896  -0.866571  -1.04381   | -15.1822 -9.4137 
-1.11707  0.00101959  -1.13441   | -15.968 -7.68846 
-1.11239  -1.08307  -1.14047   | -14.6318 -11.3973 
-1.10987  -0.898157  -1.08403   | -15.0621 -9.92051 
-0.995437  -0.00541661  -1.09896   | -16.2216 -6.93244 
-0.727648  0.000536886  -0.000156339   | -18.6445 -1.1003 
-1.04388  0.000429525  -0.00347641   | -18.1088 -3.49019 
-1.10245  -1.04519  -1.08988   | -14.7732 -11.0363 
-1.02252  7.69149e-07  -1.0995   | -16.1765 -7.14177 
-1.08808  0.000512334  -0.965341   | -16.2886 -6.67264 
-1.11449  -1.08307  -1.12569   | -14.6452 -11.3816 
-1.00525  -0.000208993  -1.07248   | -16.2482 -6.90509 
-1.11279  -0.994251  -1.06689   | -14.8898 -10.6157 
0.00567102  -0.00141566  -0.991129   | -18.1902 -3.12053 
-0.842761  0.000429525  0.00169783   | -18.4454 -1.9371 
-0.000130934  -0.00124724  -1.07101   | -18.0693 -3.64801 
-1.08291  0.000147086  -0.626793   | -16.8745 -4.23937 
-0.99244  -0.00127223  -0.757546   | -16.7938 -4.45177 
-1.09366  -0.865554  -1.13092   | -15.0872 -9.74109 
0.00487966  0.000440595  -0.786792   | -18.5342 -1.49848 
-1.11707  0.00101959  -0.527373   | -16.9968 -3.95673 
-0.000130934  -0.00124724  -1.075   | -18.0629 -3.66753 
-1.02968  -0.865811  -1.14526   | -15.145 -9.41798 
-0.99244  -0.00127223  -0.757546   | -16.7938 -4.45177 
-1.11279  -0.994251  -1.06689   | -14.8898 -10.6157 
