-14.439 -11.6271 
-14.439 -11.6271 
-19.997 0.00685542 
-17.9401 -3.8735 
-16.9462 -3.93395 
-19.064 0.000523972 
-18.1546 -3.33858 
-16.4906 -5.85014 
-16.3623 -6.42362 
-18.3646 -2.34134 
-15.8864 -7.75075 
-18.9042 -0.320662 
-14.5488 -11.5274 
-16.309 -6.67237 
-14.9788 -10.2718 
-15.6367 -7.75753 
-18.4096 -2.12771 
-18.315 -2.55265 
-18.0769 -3.57528 
-15.4121 -8.44031 
-16.758 -4.60553 
-18.9919 -0.135802 
-14.9324 -10.4509 
-18.8078 -0.557151 
-15.067 -9.93588 
-18.2133 -3.08475 
-16.2393 -6.9658 
-16.6799 -4.87057 
-18.6539 -1.06844 
-18.493 -1.72433 
-18.5252 -1.59078 
-18.837 -0.407262 
-14.6126 -11.4155 
-18.6947 -0.92246 
-18.278 -2.65624 
-16.6486 -5.08625 
-14.6614 -11.3258 
-14.8702 -10.7087 
-16.5357 -5.65573 
-18.754 -0.70688 
-16.4008 -6.23885 
-16.7762 -4.40242 
-14.8971 -10.5755 
-15.379 -8.59281 
-15.276 -9.05195 
-16.5827 -5.41945 
-16.091 -7.34955 
-18.4471 -1.87202 
-14.7756 -11.0024 
-16.828 -4.31288 
-15.1432 -9.6148 
-15.3523 -8.69517 
-18.7266 -0.787873 
-15.4962 -8.16106 
-16.072 -7.47749 
-15.9929 -7.64212 
-16.5533 -5.56784 
-18.4405 -1.97925 
-16.0293 -7.5567 
-15.3045 -8.87239 
-15.5256 -8.0793 
-15.0284 -10.0945 
-16.6216 -5.1991 
-15.1777 -9.40786 
-16.6068 -5.30538 
-16.4401 -6.10455 
-16.8562 -4.21551 
-14.7496 -11.1104 
-14.8294 -10.8506 
-18.2241 -3.02746 
-15.5801 -7.92003 
-16.6723 -4.88051 
-15.3211 -8.81802 
-15.6167 -7.81583 
-15.5573 -7.9736 
-18.2586 -2.86042 
-14.705 -11.1852 
-14.814 -10.8835 
-15.462 -8.2832 
-15.1036 -9.75409 
-18.0666 -3.64404 
-16.8976 -4.16021 
-16.1461 -7.23644 
-16.9069 -4.06981 
-15.1998 -9.29376 
-15.9364 -7.69801 
-18.583 -1.3462 
-15.2234 -9.23288 
-16.1786 -7.07776 
-16.7681 -4.57592 
-15.0332 -10.0749 
-18.2493 -2.86849 
-19.0194 -0.0861191 
-16.2645 -6.80187 
-18.6162 -1.21166 
-16.1342 -7.23751 
-16.1774 -7.07828 
-18.0107 -3.79999 
-16.2674 -6.79282 
-17.9779 -3.85042 
