-1.15287  -1.15084  -1.15295   | -14.439 -11.6271 
-1.15287  -1.15084  -1.15295   | -14.439 -11.6271 
-0.00117755  -0.000207786  0.000220004   | -19.997 0.00685542 
-1.15294  0.000264807  0.000152954   | -17.9401 -3.8735 
-0.652594  -0.00371866  -1.01071   | -16.9462 -3.93395 
-0.00112592  -0.00348505  -0.48731   | -19.064 0.000523972 
-0.000817738  2.90795e-05  -1.01904   | -18.1546 -3.33858 
-1.00968  -0.0011366  -0.920158   | -16.4906 -5.85014 
-1.04455  -0.00334125  -0.963299   | -16.3623 -6.42362 
-0.000817738  9.5495e-06  -0.891914   | -18.3646 -2.34134 
-1.14881  1.30982e-05  -1.15388   | -15.8864 -7.75075 
-0.580012  0.00012192  0.000239741   | -18.9042 -0.320662 
-1.141  -1.10111  -1.15615   | -14.5488 -11.5274 
-1.04455  -0.00334125  -0.995705   | -16.309 -6.67237 
-1.11181  -0.946615  -1.07292   | -14.9788 -10.2718 
-1.11193  -0.557207  -1.08244   | -15.6367 -7.75753 
-0.865683  0.000264436  0.000145656   | -18.4096 -2.12771 
-0.918661  -0.00326373  -0.000513659   | -18.315 -2.55265 
-0.000836741  0.00629232  -1.06001   | -18.0769 -3.57528 
-1.1186  -0.682234  -1.10136   | -15.4121 -8.44031 
-0.75362  -0.00338643  -1.01846   | -16.758 -4.60553 
0.000904885  -0.000240185  -0.530266   | -18.9919 -0.135802 
-1.0608  -1.0011  -1.06738   | -14.9324 -10.4509 
-0.00117755  -0.000207786  -0.633367   | -18.8078 -0.557151 
-1.06749  -0.92709  -1.07347   | -15.067 -9.93588 
-0.983847  0.00012192  0.000239741   | -18.2133 -3.08475 
-1.04773  -0.00304903  -1.03527   | -16.2393 -6.9658 
-0.732621  0.000214308  -1.08898   | -16.6799 -4.87057 
-0.722552  0.000264436  0.000145656   | -18.6539 -1.06844 
-0.00115009  -0.000205032  -0.815324   | -18.493 -1.72433 
0.000269744  -0.000210303  -0.797369   | -18.5252 -1.59078 
-0.0107324  2.74023e-05  -0.606078   | -18.837 -0.407262 
-1.13316  -1.07613  -1.15112   | -14.6126 -11.4155 
-0.699097  -0.000176699  0.000153068   | -18.6947 -0.92246 
-0.933973  0.00754116  -0.00504401   | -18.278 -2.65624 
-0.909969  0.00617406  -0.924066   | -16.6486 -5.08625 
-1.11221  -1.09143  -1.09617   | -14.6614 -11.3258 
-1.1043  -1.0002  -1.08244   | -14.8702 -10.7087 
-0.936156  0.000264436  -0.966014   | -16.5357 -5.65573 
-0.662817  0.00223003  -0.000269538   | -18.754 -0.70688 
-1.04455  -0.00253787  -0.940034   | -16.4008 -6.23885 
-1.12879  0.022929  -0.640171   | -16.7762 -4.40242 
-1.11735  -0.965351  -1.10738   | -14.8971 -10.5755 
-1.11188  -0.722411  -1.08244   | -15.379 -8.59281 
-1.06541  -0.819443  -1.07339   | -15.276 -9.05195 
-0.896103  -0.000238277  -0.977927   | -16.5827 -5.41945 
-1.08414  -0.0542399  -1.08787   | -16.091 -7.34955 
-0.836708  -0.00371866  0.00468183   | -18.4471 -1.87202 
-1.11204  -1.01725  -1.12999   | -14.7756 -11.0024 
-1.09646  0.022929  -0.640171   | -16.828 -4.31288 
-1.07381  -0.883593  -1.07459   | -15.1432 -9.6148 
-1.11204  -0.737976  -1.08244   | -15.3523 -8.69517 
-0.67804  0.00137286  -0.00226319   | -18.7266 -0.787873 
-1.1176  -0.656236  -1.07029   | -15.4962 -8.16106 
-1.1043  -0.00817879  -1.08222   | -16.072 -7.47749 
-1.11881  0.00785908  -1.11698   | -15.9929 -7.64212 
-0.967476  0.000375871  -0.924066   | -16.5533 -5.56784 
-0.84734  0.000263188  0.000220004   | -18.4405 -1.97925 
-1.13328  0.000263188  -1.08001   | -16.0293 -7.5567 
-1.11203  -0.756029  -1.09568   | -15.3045 -8.87239 
-1.11188  -0.632036  -1.08244   | -15.5256 -8.0793 
-1.06758  -0.946837  -1.07292   | -15.0284 -10.0945 
-0.833957  -0.00371866  -1.01801   | -16.6216 -5.1991 
-1.11735  -0.841131  -1.06942   | -15.1777 -9.40786 
-0.967476  1.81749e-05  -0.892004   | -16.6068 -5.30538 
-0.973175  -0.00308608  -0.986883   | -16.4401 -6.10455 
-1.13825  -0.00100199  -0.587066   | -16.8562 -4.21551 
-1.10883  -1.05021  -1.09599   | -14.7496 -11.1104 
-1.11221  -1.00874  -1.09617   | -14.8294 -10.8506 
-0.000817738  2.90795e-05  -0.976594   | -18.2241 -3.02746 
-1.09763  -0.58649  -1.10717   | -15.5801 -7.92003 
-0.73079  -0.001525  -1.09568   | -16.6723 -4.88051 
-1.11204  -0.756029  -1.08244   | -15.3211 -8.81802 
-1.11202  -0.558555  -1.09531   | -15.6167 -7.81583 
-1.1177  -0.603401  -1.08542   | -15.5573 -7.9736 
-0.000817773  0.000336639  -0.955562   | -18.2586 -2.86042 
-1.12854  -1.07324  -1.07368   | -14.705 -11.1852 
-1.11753  -1.02578  -1.0734   | -14.814 -10.8835 
-1.11498  -0.679541  -1.07029   | -15.462 -8.2832 
-1.09311  -0.910901  -1.0435   | -15.1036 -9.75409 
-0.00117755  -0.00197044  -1.07139   | -18.0666 -3.64404 
-0.638184  0.000247634  -1.05614   | -16.8976 -4.16021 
-1.06628  -0.0289568  -1.07347   | -16.1461 -7.23644 
-0.667759  -0.00371866  -1.01846   | -16.9069 -4.06981 
-1.12245  -0.817762  -1.08145   | -15.1998 -9.29376 
-1.11881  0.00373474  -1.15247   | -15.9364 -7.69801 
-0.763705  0.00012192  0.000239741   | -18.583 -1.3462 
-1.10859  -0.819443  -1.07339   | -15.2234 -9.23288 
-1.07061  -0.0539846  -1.04708   | -16.1786 -7.07776 
-0.744168  -0.000210303  -1.02222   | -16.7681 -4.57592 
-1.06749  -0.944141  -1.07347   | -15.0332 -10.0749 
-0.00112592  -0.00348505  -0.95784   | -18.2493 -2.86849 
-0.00118381  -0.000231908  -0.514726   | -19.0194 -0.0861191 
-0.984235  0.000188539  -1.08373   | -16.2645 -6.80187 
0.000260641  -0.000211112  -0.744305   | -18.6162 -1.21166 
-1.0878  0.0427614  -1.05846   | -16.1342 -7.23751 
-1.11204  -0.00493837  -1.00962   | -16.1774 -7.07828 
0.000907459  2.08018e-05  -1.10793   | -18.0107 -3.79999 
-1.0792  -0.00308608  -0.986883   | -16.2674 -6.79282 
-0.000817738  1.30982e-05  -1.12853   | -17.9779 -3.85042 
